24
62
29
10
95
28
12
25
66
82
47
45
12
67
38
90
36
75
78
1
29
78
1
1
43
10
24
33
49
75
24
25
31
56
66
67
22
7
67
3
54
56
9
48
45
8
46
58
9
66
62
49
16
7
52
81
38
28
84
5
15
58
20
56
69
90
26
4
4
77
14
48
60
23
77
4
92
55
51
10
25
29
42
10
64
74
83
30
22
52
84
90
34
92
58
41
64
34
44
64
4
73
50
80
92
26
51
75
21
72
62
81
69
99
64
37
70
86
79
98
100
91
59
27
44
99
45
22
68
98
84
6
79
96
62
59
32
65
19
34
64
100
49
35
43
73
26
29
8
88
39
95
4
3
63
49
56
8
61
100
78
12
6
39
91
66
38
5
93
40
89
7
84
45
99
97
19
18
11
26
24
64
53
58
14
12
77
38
25
38
60
71
60
25
26
94
74
43
20
34
29
14
31
94
7
52
23
43
70
93
100
64
53
72
77
37
32
9
58
85
93
59
12
27
91
44
96
19
38
57
93
47
11
54
87
60
25
57
10
24
49
59
21
98
87
3
64
56
80
30
50
63
78
22
60
58
55
15
44
53
67
30
25
26
75
85
1
78
11
65
24
54
82
93
95
18
10
83
35
62
83
73
15
10
4
12
86
45
76
100
91
65
80
18
54
3
9
77
21
21
84
1
45
58
23
97
56
45
81
18
64
52
33
36
84
27
25
56
66
10
62
98
99
81
67
48
9
14
98
23
4
56
62
79
1
56
24
26
36
68
41
52
60
70
21
5
40
66
65
99
32
76
81
69
56
100
84
6
66
10
97
58
65
54
27
37
11
28
93
12
36
21
69
64
94
4
10
16
80
7
95
36
41
54
83
89
41
43
100
77
39
45
46
92
53
100
3
44
25
47
69
29
11
65
44
45
89
84
65
95
29
80
18
64
53
79
15
29
51
24
35
33
81
55
33
21
59
16
46
4
82
39
55
18
100
24
35
84
59
65
63
81
10
1
33
28
26
26
18
20
55
21
36
92
31
67
80
5
94
20
80
80
57
40
92
52
94
67
30
28
66
99
14
65
78
14
1
47
84
18
58
34
90
37
64
18
93
9
78
5
90
48
58
52
33
100
43
18
41
14
12
97
62
92
9
71
54
92
99
95
51
58
58
7
93
53
41
36
28
99
86
20
73
21
55
91
10
64
69
57
70
67
22
91
90
71
70
59
38
42
42
47
6
60
66
92
41
65
99
85
49
75
7
2
51
43
49
48
6
26
9
27
20
98
44
60
77
85
64
57
50
19
97
47
42
9
91
94
82
60
68
9
25
52
58
85
35
47
11
98
85
42
44
8
10
75
47
79
91
51
90
89
43
88
54
73
4
42
67
90
20
62
59
25
2
83
50
85
90
26
84
1
68
27
33
45
20
50
55
29
20
25
41
53
6
45
29
73
5
27
26
58
71
13
1
80
82
58
86
14
93
99
93
12
100
85
17
45
77
96
81
10
20
88
96
98
69
22
73
28
47
87
42
8
21
96
80
45
64
11
22
50
60
83
18
19
71
16
72
74
63
50
66
26
82
70
86
46
44
56
62
36
19
40
51
72
2
58
32
71
42
52
67
73
90
31
75
20
59
89
29
1
17
64
58
70
10
9
11
62
25
28
81
23
98
12
44
80
1
84
65
95
61
40
86
19
41
12
99
37
72
8
95
14
33
37
31
100
64
80
21
44
72
52
87
56
19
90
13
94
93
100
18
18
81
96
44
45
91
91
58
24
4
77
50
54
43
27
33
26
67
25
62
41
17
35
60
27
25
22
74
75
17
75
20
56
25
43
39
76
9
8
66
32
43
33
4
22
70
19
75
77
76
6
15
90
12
42
19
58
18
63
67
51
20
44
83
40
12
68
58
65
58
84
82
87
27
22
95
61
46
78
93
9
65
84
79
24
23
73
7
48
15
76
97
87
36
3
20
27
9
45
66
48
35
59
68
10
14
41
35
64
28
8
64
40
83
81
23
97
60
86
100
97
31
67
92
49
62
88
22
6
93
17
52
22
76
42
31
55
93
70
78
17
10
8
69
85
30
33
94
33
98
76
66
93
84
18
83
13
17
31
77
53
98
85
10
82
40
46
58
6
8
93
15
33
56
61
28
55
9
22
36
68
36
4
58
89
26
14
88
1
38
16
97
87
75
10
89
16
38
84
98
82
21
84
87
71
47
57
60
41
65
9
21
22
74
9
48
93
58
64
38
6
87
14
76
26
30
87
